1744,46
1744,51
1744,52
4243767290,0
4294967279,264
4294967278,340
1771,30
4294967278,231
1771,29
1771,28
1771,19
1771,27
1771,18
1771,26
4294967278,227
1771,25
1771,16
1771,24
1771,23
1771,15
1771,22
1771,21
1771,20
1771,14
4294967278,225
1771,12
1771,17
1771,13
1771,6
1771,5
1771,11
1771,7
1771,10
1771,9
1771,8
4294967278,177
4294967278,315
1771,4
1771,3
1771,2
1771,1
4294967294,786
4294967278,257
4294967294,787
4294967278,310
4294967279,308
4294967278,305
4294967279,302
1770,6
4294967278,254
1770,5
1770,4
1770,3
1770,2
1770,1
4294967278,280
1769,6
1769,5
1769,4
1769,3
1769,2
1769,1
4294967294,1414
4294967278,208
1768,24
1768,14
1768,23
1768,22
1768,21
1768,16
1768,20
1768,19
1768,18
1768,7
1768,17
1768,15
1768,5
4294967279,405
1768,13
1768,12
1768,6
1768,11
1768,10
1768,9
1768,8
4294967294,1418
4294967279,404
1768,4
1768,3
1768,2
1768,1
4294967278,220
4294967294,1310
4294967294,395
4294967294,1446
4294967294,923
4294967294,1448
4294967294,178
4294967294,1432
4294967294,1162
4294967294,167
4294967294,1442
4294967294,1599
4294967294,497
4294967294,118
4294967294,1280
4294967294,116
4294967279,220
4294967279,291
4294967279,403
1767,16
1767,73
1767,72
1767,71
1767,70
1767,69
1767,68
1767,55
1767,29
1767,67
1767,54
1767,39
1767,53
1767,66
1767,65
1767,52
1767,64
1767,37
1767,51
1767,50
1767,49
1767,48
1767,17
1767,47
1767,46
1767,45
1767,27
1767,44
1767,43
1767,42
1767,41
1767,22
1767,40
1767,23
1767,38
1767,36
1767,7
1767,35
1767,34
1767,33
1767,32
1767,31
1767,30
1767,28
1767,26
1767,25
1767,24
1767,5
1767,21
1767,20
1767,19
1767,18
1767,6
1767,15
1767,14
1767,13
1767,12
1767,11
1767,10
1767,9
1767,8
4294967278,246
1767,4
1767,3
1767,2
1767,1
4294967279,376
4294967278,571
4294967294,1425
4294967278,188
4294967278,172
4294967279,182
4294967279,402
4294967279,372
1766,5
4294967278,342
1766,4
4294967279,388
1766,3
1766,2
1766,1
4294967279,202
4294967279,408
4294967278,206
4294967279,229
4294967278,308
1765,6
4294967279,394
1765,5
4294967278,326
1765,4
1765,3
1765,2
1765,1
4294967279,367
4294967278,194
4294967278,559
4294967279,363
1764,4
4294967279,385
1764,3
1764,2
1764,1
4294967279,207
4294967278,347
4294967278,367
4294967279,431
4294967279,542
4294967278,205
4294967278,345
4294967279,382
4294967278,557
1763,5
1763,4
4294967278,556
1763,3
1763,2
1763,1
4294967279,361
4294967279,401
4294967278,204
4294967279,561
4294967278,202
4294967279,357
4294967278,551
1762,6
4294967278,550
1762,5
4294967279,173
1762,4
4294967278,171
1762,3
1762,2
1762,1
4294967279,399
4294967294,427
4294967294,114
4294967278,549
4294967278,547
4294967279,224
4294967278,166
1761,6
4294967278,266
1761,5
1761,4
4294967278,321
1761,3
1761,2
1761,1
4294967278,289
4294967278,201
4294967279,336
4294967279,400
4294967279,349
4294967279,348
4294967278,158
1760,5
1760,4
1760,3
1760,2
1760,1
4294967279,217
4294967294,1309
4294967279,520
4294967278,175
4294967279,398
4294967278,151
4294967279,151
4294967278,150
1759,6
4294967279,150
1759,5
4294967278,149
1759,4
4294967279,315
1759,3
1759,2
1759,1
4294967278,148
4294967279,148
4294967279,146
4294967278,144
4294967278,143
4294967279,143
4294967278,142
1758,5
4294967279,345
1758,4
4294967278,541
1758,3
1758,2
1758,1
4294967279,141
4294967294,438
4294967278,140
4294967278,164
4294967278,195
4294967279,137
4294967279,161
1757,6
4294967278,185
1757,5
4294967279,160
1757,4
4294967278,141
1757,3
1757,2
1757,1
4294967279,142
4294967278,139
1299,3
4294967278,184
4294967279,529
4294967279,140
4294967278,138
4294967279,139
1756,4
4294967278,136
1756,3
1756,2
1756,1
4294967279,309
4294967278,267
4294967278,217
4294967278,193
1755,11
1755,10
1755,9
1755,8
1755,7
1755,6
4294967279,397
1755,5
4294967279,319
4294967279,263
4294967278,263
4294967279,318
1755,4
4294967278,319
1755,3
1755,2
1755,1
4294967278,382
4294967279,317
4294967278,318
4294967279,396
4294967278,213
4294967278,196
4294967279,393
4294967279,2
4294967279,314
4294967279,313
4294967278,314
4294967279,312
1754,6
4294967278,215
1754,5
4294967279,379
1754,4
4294967278,312
1754,3
1754,2
1754,1
4294967279,528
4294967278,135
4294967279,391
1305,3
4294967278,575
4294967278,516
1753,10
1753,9
1753,8
1753,7
4294967278,371
4294967279,252
4294967279,327
4294967279,251
1753,6
4294967278,253
1753,5
4294967279,307
1753,4
4294967278,288
1753,3
1753,2
1753,1
4294967279,306
4294967294,780
4294967294,1157
4294967278,248
4294967278,244
4294967279,244
4294967279,242
4294967278,240
4294967279,240
1752,6
4294967278,238
1752,5
4294967279,392
1752,4
4294967278,237
1752,3
1752,2
1752,1
4294967278,368
4294967279,237
4294967278,236
4294967279,295
4294967278,232
1751,9
1751,8
1751,7
1751,6
4294967279,389
4294967279,303
4294967279,228
4294967278,540
4294967279,340
1751,5
4294967278,224
1751,4
4294967279,305
1751,3
1751,2
1751,1
4294967279,384
4294967278,222
4294967279,222
4294967278,311
4294967294,810
4294967294,953
4294967294,827
4294967294,1444
4294967294,1466
4294967294,819
4294967294,1420
4294967294,950
4294967294,1450
4294967294,1440
4294967294,1434
4294967294,1458
4294967294,1540
4294967294,489
4294967294,1592
4294967294,495
4294967294,504
4294967294,1598
4294967294,509
4294967279,292
4294967279,218
4294967279,192
1750,7
1750,6
4294967278,214
4294967278,574
4294967279,214
4294967278,212
1750,5
4294967279,378
1750,4
4294967278,573
1750,3
1750,2
1750,1
4294967278,283
4294967279,377
4294967278,572
4294967278,521
4294967278,229
4294967279,285
4294967279,374
4294967279,208
4294967278,569
4294967279,395
1749,4
4294967278,337
1749,3
1749,2
1749,1
4294967278,365
4294967279,373
4294967278,568
4294967278,327
4294967278,353
4294967279,370
4294967279,201
4294967278,199
4294967279,369
1748,5
4294967278,564
1748,4
4294967279,368
1748,3
1748,2
1748,1
4294967279,563
4294967278,563
4294967279,387
1328,3
4294967279,386
4294967279,569
4294967278,300
4294967278,325
4294967278,562
4294967279,366
4294967278,203
1747,5
4294967279,193
1747,4
4294967278,191
1747,3
1747,2
1747,1
4294967279,365
4294967278,560
4294967278,558
4294967279,530
4294967278,243
4294967279,517
4294967279,326
4294967279,187
4294967278,332
4294967279,186
1746,5
4294967278,333
1746,4
4294967279,383
1746,3
1746,2
1746,1
4294967278,346
4294967279,241
4294967294,1288
4294967294,392
4294967294,389
4294967294,115
4294967294,426
4294967279,226
4294967279,362
4294967279,323
4294967278,179
4294967278,555
4294967279,360
4294967278,192
1745,4
4294967279,359
1745,3
1745,2
1745,1
4294967279,271
4294967278,553
4294967279,358
4294967294,575
4294967294,1408
4294967294,1439
4294967294,1153
4294967294,433
4294967294,1155
4294967294,429
4294967279,535
4294967279,356
4294967279,255
4294967294,806
4294967278,295
4294967294,1661
4243767290,3
4243767290,2
4294967279,212
1464,5
1464,4
4294967278,548
4294967279,354
1744,68
1744,66
1744,40
1744,38
1744,37
1744,34
1744,32
1744,29
1744,28
1744,26
1744,67
1744,65
1744,64
1744,39
1744,36
1744,35
1744,33
1744,31
1744,30
1744,27
1744,25
4294967294,131
4294967294,995
4294967294,984
4294967294,983
4294967294,980
4294967294,977
4294967294,976
4294967294,975
4294967294,974
4294967294,967
4294967294,966
4294967294,965
4294967294,964
4294967294,963
4294967294,962
4294967294,961
4294967294,960
4294967294,919
4294967294,918
4294967294,917
4294967294,916
4294967294,915
4294967294,913
4294967294,912
4294967294,911
4294967294,910
4294967294,909
4294967294,907
4294967294,905
4294967294,903
4294967294,902
4294967294,901
1469,22
1469,15
1744,43
1744,5
1744,23
1744,22
1744,19
1744,17
1744,15
1744,13
1744,11
1451,5
1469,20
1469,21
1469,5
1469,11
1469,10
1469,9
1469,8
1469,4
4294967279,353
4294967279,352
4294967279,167
4294967279,380
1451,4
4294967279,351
4294967278,163
4294967294,1303
4294967294,1300
4294967294,1299
4294967294,1302
4294967294,1298
4294967294,18
4294967294,1429
4294967294,14
4294967294,1421
4294967294,20
4294967294,13
4294967294,97
1744,24
1744,21
1744,20
1744,18
1744,16
1744,14
1744,12
1744,9
1744,8
1744,4
4294967294,50
4294967294,61
4294967294,782
4294967294,1419
4294967294,811
4294967294,954
4294967294,431
4294967294,5
4294967294,107
1470,3
1469,3
1453,3
1452,3
4294967294,17
4294967294,67
4294967294,99
4294967294,76
4294967294,430
4294967294,781
4294967294,45
4294967294,44
4294967294,387
4294967294,134
4294967294,1435
4294967294,46
4294967294,51
4294967294,1308
4294967294,2
4294967294,0
4294967294,1
4294967294,29
4294967294,28
4294967294,91
4294967294,90
4294967294,87
4294967294,86
4294967294,85
4294967294,84
4294967294,1416
4294967294,816
4294967294,952
4294967294,26
4294967294,53
4294967294,135
4294967294,784
4294967294,52
4294967294,1422
4294967294,432
4294967294,43
4294967294,42
4294967294,40
4294967294,39
4294967294,41
4294967294,38
4294967294,37
4294967294,36
4294967294,794
4294967294,797
4294967294,7
4294967294,6
4294967279,215
4294967278,157
4294967279,158
4294967278,156
4294967294,22
1744,50
0,5
4294967279,153
4294967294,89
4294967294,96
4294967294,94
4294967279,156
4294967278,155
4294967279,155
4294967278,154
4294967279,516
1744,3
1744,2
1744,1
4294967279,334
4294967294,9
4294967278,153
4294967294,8
0,7
4294967294,93
4294967294,95
4294967278,152
1473,4
4294967294,1307
4294967294,1306
4294967294,828
4294967294,1305
4294967294,25
4294967294,12
4294967294,1304
4294967294,822
4294967294,27
4294967294,1415
4294967294,83
4294967294,68
4294967294,81
4294967294,11
4294967294,999
4294967294,998
4294967294,992
4294967294,988
4294967294,991
4294967294,987
4294967294,986
4294967294,161
4294967294,82
4294967294,899
4294967294,92
4294967294,88
4294967293,131
4294967293,130
4294967293,129
4294967293,128
4294967293,127
4294967293,126
4294967293,125
4294967293,124
4294967293,123
4294967293,122
4294967293,121
4294967293,120
4294967293,119
4294967293,118
4294967293,117
4294967293,116
4294967293,115
4294967293,114
4294967293,113
4294967293,112
4294967293,111
4294967293,110
4294967293,109
4294967293,108
4294967293,107
4294967293,106
4294967293,105
4294967293,104
4294967293,103
4294967293,102
4294967293,101
4294967293,100
4294967293,99
4294967293,98
4294967293,97
4294967293,96
4294967293,95
4294967293,94
4294967293,93
4294967293,92
4294967293,91
4294967293,90
4294967293,89
4294967293,87
4294967293,86
4294967293,85
4294967293,84
4294967293,83
4294967293,82
4294967293,81
4294967293,80
4294967293,79
4294967293,78
4294967293,77
4294967293,76
4294967293,75
4294967293,74
4294967293,73
4294967293,72
4294967293,71
4294967293,70
4294967293,69
4294967293,68
4294967293,67
4294967293,66
4294967293,65
4294967293,64
4294967293,63
4294967293,62
4294967293,61
4294967293,60
4294967293,59
4294967293,58
4294967293,57
4294967293,56
4294967293,55
4294967293,54
4294967293,53
4294967293,52
4294967293,51
4294967293,50
4294967293,49
4294967293,48
4294967293,47
4294967293,46
4294967293,45
4294967293,44
4294967293,43
4294967293,42
4294967293,41
4294967293,40
4294967293,39
4294967293,38
4294967293,37
4294967293,36
4294967293,35
4294967293,34
4294967293,33
4294967293,32
4294967293,31
4294967293,30
4294967293,29
4294967293,28
4294967293,27
4294967293,26
4294967293,25
4294967293,24
4294967293,23
4294967293,22
4294967293,21
4294967293,20
4294967293,19
4294967293,18
4294967293,17
4294967293,16
4294967293,15
4294967293,14
4294967293,13
4294967293,12
4294967293,11
4294967293,10
4294967293,9
4294967293,8
4294967293,7
4294967293,6
4294967293,5
4294967293,4
4294967293,3
4294967278,339
4294967278,132
4294967278,322
4294967278,131
4294967278,512
4294967278,130
4294967278,129
4294967278,372
4294967278,128
4294967278,127
4294967278,515
4294967278,126
4294967278,297
4294967278,125
4294967278,370
4294967278,124
4294967278,223
4294967278,123
4294967278,211
4294967278,122
4294967278,255
4294967278,121
4294967278,378
4294967278,329
4294967278,120
4294967278,274
4294967278,119
